1	1	0	0	0	0	0	0	0	1	0	0	0
1	2	0	7	6	5	0	0	0	8	2	0	0
1	1	0	2	1	1	0	0	0	2	1	0	0
1	3	0	2	1	1	0	0	0	3	0	0	0
1	1	0	3	2	2	0	0	0	4	1	0	0
0	0	0	0	0	0	0	0	0	0	0	0	0
1	2	0	1	0	0	0	0	0	1	2	0	0
1	2	0	3	2	2	0	0	0	3	1	0	0
0	0	0	0	0	0	0	0	0	2	0	0	0
0	1	0	0	0	0	0	0	0	1	0	0	0
1	2	0	1	4	4	0	0	0	5	0	0	0
1	1	0	1	0	0	0	0	0	1	0	0	0
2	7	0	2	1	1	0	0	0	3	0	0	0
0	3	0	2	2	2	0	0	0	3	0	0	0
1	1	0	2	13	13	0	0	0	14	3	0	0
1	2	0	4	2	2	0	0	0	3	1	0	0
1	4	0	2	1	2	0	0	0	3	3	0	0
0	0	0	11	8	8	0	0	0	9	4	0	0
1	0	0	5	6	6	0	0	0	7	0	0	0
3	2	0	2	3	3	0	0	1	4	2	0	0
0	3	0	0	0	0	0	0	0	1	4	0	0
2	1	0	2	2	2	0	0	0	3	0	0	0
0	0	0	0	0	0	0	0	0	0	0	0	0
2	1	0	3	2	2	0	0	0	3	0	0	0
0	2	0	3	6	6	0	0	0	8	13	0	0
2	3	0	3	1	1	0	0	0	3	1	0	0
1	0	0	4	0	1	1	0	0	5	0	0	0
0	0	0	0	1	1	0	0	0	2	1	0	0
3	5	0	5	6	7	0	0	0	7	6	0	0
2	2	0	11	9	9	0	0	0	11	3	0	0
0	1	0	1	0	0	0	0	0	1	3	0	0
1	1	0	3	0	0	0	0	0	2	0	0	0
0	1	0	1	0	0	0	0	0	0	0	0	0
0	1	0	2	0	0	0	0	0	2	3	0	0
1	1	0	2	1	1	0	0	6	2	3	1	0
1	1	0	0	0	0	0	0	0	0	0	0	0
0	0	0	19	1	1	0	0	0	18	0	0	0
1	1	0	2	0	0	0	0	0	2	1	0	0
1	0	0	0	0	0	0	0	0	0	0	0	0
0	1	0	5	2	2	0	0	0	3	1	0	3
1	1	0	1	0	0	0	0	0	1	1	0	0
1	2	0	0	0	0	0	0	0	4	2	0	0
0	1	0	1	0	0	0	0	0	1	1	0	1
5	12	0	13	11	12	0	0	0	13	0	0	0
1	1	0	1	0	0	0	0	0	2	1	0	2
1	0	0	2	2	2	0	0	0	3	1	0	0
5	0	0	7	7	7	0	0	0	8	0	0	0
1	1	0	2	2	2	0	0	0	3	1	0	5
1	1	0	8	8	8	0	0	0	9	1	0	1
0	0	0	1	3	3	0	0	0	4	0	0	0
1	0	0	1	0	0	0	0	0	1	0	0	0
0	3	0	1	1	1	0	0	0	2	1	0	1
0	0	0	3	2	2	0	0	0	3	0	0	0
0	1	0	0	1	1	0	0	0	2	0	0	0
1	1	0	2	2	2	0	0	0	3	1	0	5
0	1	0	1	0	0	0	0	0	1	1	0	1
0	1	0	0	1	1	0	0	0	2	1	0	2
0	1	0	0	0	0	0	0	0	1	1	0	3
0	0	0	1	1	1	0	0	0	2	0	0	0
0	2	0	0	0	0	0	0	0	2	3	0	1
0	1	0	3	0	0	0	0	0	2	0	0	17
0	1	0	2	1	1	0	0	0	3	0	0	1
1	3	0	4	4	4	0	0	0	5	0	0	0
4	0	0	5	5	4	0	0	0	5	0	0	6
1	1	0	4	5	5	0	0	0	9	2	0	1
4	10	0	12	15	15	0	0	0	16	1	0	12
1	2	0	1	9	9	0	0	0	11	1	0	3
1	1	0	1	2	2	0	0	0	3	1	0	0
0	2	0	0	1	1	0	0	0	2	1	0	4
0	0	0	15	16	16	0	0	0	18	0	0	0
0	10	0	0	3	3	0	0	0	4	0	0	0
1	0	0	0	1	1	0	0	0	2	0	0	1
0	2	0	3	0	0	0	0	0	1	0	0	0
1	3	0	6	25	25	0	0	0	26	0	0	0
0	8	0	1	1	1	0	0	0	2	2	0	2
0	5	0	2	2	2	0	0	0	3	0	0	0
0	0	0	0	0	0	0	0	0	0	0	0	8
2	0	0	2	0	0	0	0	0	1	0	0	6
0	0	0	0	0	0	0	0	0	0	0	0	2
2	4	0	9	3	3	0	0	0	4	0	0	1
0	0	0	1	0	0	0	0	0	0	0	0	0
4	1	0	4	2	2	0	0	1	3	0	0	24
1	4	0	4	2	2	0	0	0	3	2	0	3
0	2	0	0	0	0	0	0	0	0	1	0	0
1	2	0	1	1	1	0	0	0	2	3	0	1
1	1	0	1	0	0	0	0	0	2	0	0	0
0	3	0	1	1	1	0	0	0	2	1	0	1
1	2	0	4	1	1	0	0	0	3	0	0	2
0	1	0	3	0	0	0	0	0	1	0	0	4
2	0	0	2	1	3	0	0	0	2	0	0	11
0	2	0	0	0	0	0	0	0	0	2	0	0
1	2	0	2	1	1	0	0	0	2	0	0	1
0	0	0	1	0	0	0	0	0	0	0	0	5
0	2	0	0	0	3	0	0	0	0	6	0	0
1	1	0	6	8	8	0	0	0	9	0	0	1
0	1	1	1	0	0	0	0	0	2	0	0	0
1	2	0	1	0	0	0	0	0	2	0	0	0
3	3	0	4	5	5	0	0	0	6	0	0	0
0	0	0	0	1	1	0	0	0	1	0	0	0
2	3	0	2	1	1	0	0	0	3	0	0	1
4	1	0	1	2	3	0	0	0	3	0	0	1
2	0	0	0	1	1	0	0	0	2	0	0	0
5	2	0	1	0	0	0	0	0	1	0	0	0
1	0	0	1	0	0	0	0	0	1	0	0	0
2	0	0	5	0	0	0	0	0	2	0	0	0
4	8	0	6	10	10	0	0	0	11	0	0	5
2	3	0	2	0	0	0	0	0	1	1	0	0
0	2	0	0	0	0	0	0	0	1	5	0	2
2	4	0	2	1	1	0	0	0	3	0	0	0
0	7	0	4	0	0	0	0	0	1	2	0	0
0	10	0	0	0	0	0	0	0	0	0	0	0
1	0	0	1	0	0	0	0	0	1	0	0	0
1	7	0	2	0	0	0	0	0	2	0	0	0
1	4	3	6	1	1	0	2	2	3	0	0	3
2	5	0	6	4	4	0	0	0	5	0	0	0
2	16	0	1	12	12	0	0	0	15	1	0	1
0	0	0	0	0	0	0	0	0	4	0	0	0
0	2	0	0	0	0	0	0	0	3	0	0	0
0	17	0	2	5	5	0	0	0	7	1	0	0
1	0	0	0	0	0	0	0	0	1	0	0	0
0	8	0	0	1	1	0	0	0	4	1	0	0
0	7	0	1	5	5	0	0	0	6	0	0	0
1	6	1	4	1	1	0	0	0	7	0	0	5
0	8	0	1	2	2	0	0	0	3	1	0	0
2	15	0	8	2	2	0	0	0	3	0	0	0
0	2	0	1	0	1	0	0	0	1	1	0	0
2	3	0	0	2	2	0	0	0	3	0	0	0
0	2	0	0	0	0	0	0	0	0	0	0	0
0	4	0	0	0	0	0	0	0	1	2	0	0
1	8	0	1	6	6	0	0	0	7	1	0	1
1	7	0	1	0	0	0	0	0	0	0	0	1
1	0	0	1	0	0	0	0	0	1	0	0	0
2	3	0	1	1	1	0	0	0	2	2	0	0
0	5	0	2	0	0	0	0	0	2	0	0	0
0	2	0	1	0	0	0	0	0	1	1	0	0
0	3	0	4	0	0	0	0	0	1	2	0	2
0	2	0	0	0	0	0	0	0	3	0	0	0
2	1	0	2	1	1	0	0	0	2	0	0	0
1	4	0	8	8	8	0	0	0	9	0	0	0
4	0	1	9	6	6	1	1	0	7	0	0	1
2	13	0	7	6	6	0	0	0	7	4	0	0
1	1	0	1	0	0	0	0	0	1	0	0	0
1	1	0	2	0	0	0	0	0	3	0	0	0
0	4	0	0	0	0	0	0	0	1	1	0	0
0	1	0	3	3	3	0	0	0	4	0	0	0
2	4	0	0	0	0	0	0	0	3	0	0	0
0	1	0	0	1	1	0	0	0	1	0	0	0
0	7	0	1	3	3	0	0	0	4	0	0	0
0	4	0	1	0	0	0	0	0	1	1	0	0
1	0	0	2	1	1	0	0	0	2	0	0	0
0	0	4	0	0	0	1	1	2	0	0	0	0
0	0	1	0	1	0	1	4	7	0	0	3	0
0	0	0	0	0	0	0	0	6	0	0	3	0
0	0	1	0	0	0	0	0	2	0	0	0	0
0	0	2	0	2	2	1	2	5	2	0	3	0
0	0	2	0	0	0	1	0	0	0	0	0	0
0	0	1	0	0	0	1	0	4	0	0	3	0
0	0	0	0	0	0	4	1	0	0	0	8	0
0	0	1	0	1	0	1	1	4	0	0	1	0
0	0	0	0	0	0	0	0	1	0	0	8	0
0	0	7	0	0	0	3	2	0	0	0	0	0
0	0	3	0	0	0	1	1	1	0	0	2	0
0	0	1	0	0	0	0	1	1	0	0	0	0
0	0	5	0	0	0	0	0	0	0	0	0	0
0	1	2	1	0	0	0	0	5	2	0	0	0
1	0	3	1	2	1	2	0	6	2	0	0	0
0	0	1	1	1	0	0	0	10	0	0	0	0
0	0	0	0	1	0	0	0	1	0	0	6	0
0	0	1	0	0	0	0	1	2	0	0	1	0
0	0	4	0	0	0	0	0	4	1	0	0	0
0	0	4	0	0	0	1	9	0	0	0	0	0
0	0	1	0	0	0	1	1	2	0	0	2	0
0	0	1	0	0	0	0	1	1	0	0	0	0
0	1	5	0	0	0	0	1	2	0	0	1	0
0	0	0	0	0	0	0	0	3	0	0	9	0
0	0	1	0	0	0	0	2	1	0	0	1	0
0	1	1	0	3	3	0	1	1	3	0	1	0
0	0	2	0	1	0	0	1	7	0	0	1	0
0	0	2	0	0	0	0	3	4	0	0	2	0
0	0	1	0	0	0	1	2	3	0	0	2	0
0	0	5	2	0	0	0	0	0	1	0	0	0
0	0	1	0	1	0	0	0	0	0	0	0	0
0	0	0	0	10	0	13	4	22	0	0	10	0
0	0	1	0	5	0	0	3	3	0	0	2	0
0	0	3	0	0	0	0	0	0	0	0	0	0
0	0	1	0	2	0	4	1	4	0	0	1	0
0	0	1	0	1	0	1	0	5	0	0	22	0
0	0	1	0	0	0	0	0	0	0	0	0	0
0	0	1	0	3	0	0	11	0	0	0	1	0
0	0	1	0	4	0	0	1	1	0	0	1	0
0	0	1	0	3	0	0	0	2	0	0	1	0
0	0	0	0	3	0	0	0	2	0	0	0	0
0	0	0	0	1	0	0	0	1	0	0	7	0
0	1	1	0	1	0	0	0	2	0	0	0	0
0	0	0	0	0	0	0	0	0	0	0	4	0
0	0	1	0	3	0	0	2	5	0	0	6	0
0	0	1	0	8	0	0	15	6	0	0	1	0
0	0	0	0	3	0	0	0	0	0	0	4	0
0	0	1	0	2	0	0	0	3	0	0	6	0
0	0	1	0	3	1	0	0	0	1	0	0	0
0	0	5	0	1	0	2	3	2	0	0	3	0
0	0	1	0	4	0	1	1	4	0	0	1	0
0	0	1	0	1	0	0	0	2	0	0	0	0
0	0	1	0	0	0	1	1	1	0	0	2	0
0	0	2	0	0	0	0	0	1	0	0	2	0
0	0	1	0	0	0	2	1	3	0	0	1	0
0	0	1	0	0	0	1	1	1	0	0	1	0
0	0	0	0	1	0	0	0	1	0	0	0	0
0	0	1	0	0	0	0	0	0	0	0	1	0
0	0	1	0	0	0	1	0	1	0	0	0	0
0	0	1	0	1	0	1	1	1	0	0	1	0
0	0	1	0	0	0	1	0	1	0	0	0	0
0	0	1	0	0	0	0	0	0	0	0	0	0
0	0	1	0	0	0	8	3	1	0	0	6	0
0	0	1	0	3	0	0	1	6	0	0	5	0
0	0	1	0	0	0	0	0	3	0	0	5	0
0	0	1	0	0	0	1	0	2	0	0	0	0
0	0	1	0	1	0	1	3	6	0	0	3	0
0	0	1	0	1	0	2	1	1	0	0	2	0
0	0	1	0	0	0	1	0	1	0	0	1	0
0	0	1	0	2	0	0	3	3	0	0	6	0
0	0	0	0	0	0	0	0	1	0	0	0	0
0	0	1	0	0	0	0	0	0	0	0	0	0
0	0	2	0	0	0	0	0	2	0	0	1	0
0	0	1	0	1	0	3	1	2	0	0	2	0
0	0	2	0	0	0	1	2	0	0	0	2	0
0	0	1	0	0	0	0	0	0	0	0	0	0
0	1	1	1	0	0	5	2	5	1	0	1	0
0	0	2	0	0	0	1	0	4	0	0	1	0
0	0	1	0	0	0	0	3	1	0	0	0	0
0	0	1	0	2	0	0	0	1	0	0	1	0
0	0	1	0	0	0	0	1	2	0	0	1	0
0	0	0	0	0	0	0	0	0	0	0	0	0
0	0	0	0	5	0	0	4	1	0	0	1	0
0	0	0	0	0	0	0	1	1	0	0	4	0
0	0	1	0	2	0	1	1	1	0	0	1	0
0	0	0	0	0	0	1	0	10	0	0	1	0
0	0	0	0	0	0	0	1	3	0	0	0	0
0	0	2	0	1	1	0	0	8	1	0	0	0
0	0	0	0	0	0	0	0	0	0	0	0	0
1	0	0	0	1	1	0	0	0	1	0	0	0
0	0	2	0	0	0	0	0	0	0	0	0	0
0	0	2	0	1	0	1	0	14	0	0	2	0
0	0	1	0	1	0	0	0	3	0	0	3	0
0	0	2	0	0	0	0	0	0	0	0	0	0
0	0	2	0	5	0	0	0	1	0	0	1	0
0	0	1	0	3	0	1	1	12	0	0	6	0
0	1	1	0	0	0	5	2	3	0	0	3	0
0	0	0	0	0	0	0	0	10	0	0	0	0
0	0	0	0	2	0	4	2	7	0	0	6	0
0	1	2	0	0	0	1	0	11	1	0	1	0
0	0	2	0	0	0	17	0	4	0	0	2	0
0	1	3	0	0	0	2	1	2	0	0	1	0
0	0	1	0	1	0	1	0	2	0	0	0	0
0	0	1	0	0	0	1	0	2	0	0	1	0
0	0	5	0	0	0	0	0	0	0	0	0	0
0	0	2	0	0	0	2	0	6	0	0	0	0
0	0	1	0	0	0	1	0	1	0	0	0	0
0	0	2	0	0	0	1	1	0	0	0	0	0
0	0	1	0	1	0	0	0	2	0	0	0	0
0	0	1	0	0	0	3	2	10	0	0	1	0
0	0	1	0	2	0	2	0	10	0	0	5	0
0	0	1	1	0	0	1	1	2	1	0	1	0
0	0	1	1	1	0	1	1	1	0	0	1	0
0	0	1	0	0	0	0	1	0	1	0	2	0
0	0	1	0	1	0	0	1	1	0	0	1	0
0	0	1	0	0	0	0	2	1	0	0	2	0
0	0	2	0	2	0	0	0	3	0	0	3	0
0	0	0	0	1	0	0	6	1	0	0	0	0
0	0	1	0	3	0	1	1	13	0	0	2	0
0	0	0	0	0	0	0	0	6	0	0	0	0
0	0	2	0	0	0	4	1	2	0	0	0	0
0	0	0	0	0	0	0	0	3	0	0	8	0
0	14	3	0	0	0	2	0	20	2	0	0	0
0	0	0	0	0	0	0	0	2	0	0	4	0
0	0	1	0	2	0	1	0	4	0	0	7	0
0	0	1	0	1	0	1	1	2	0	0	1	0
0	0	2	0	1	0	0	2	2	0	0	3	0
0	0	1	0	0	0	0	0	0	0	0	0	0
0	0	1	0	1	0	1	1	6	0	0	2	0
0	1	3	0	0	0	1	3	1	0	0	1	0
0	0	1	0	4	0	0	0	1	0	0	0	0
0	0	5	0	0	0	5	4	1	1	0	1	0
0	0	2	0	0	0	5	2	1	0	0	1	0
0	0	1	0	0	0	1	2	0	0	0	0	0
0	0	1	0	0	0	0	0	0	0	0	1	0
0	0	1	1	0	0	0	1	1	1	0	1	0
0	0	1	0	0	0	0	0	0	0	0	0	0
0	0	0	0	1	0	0	0	1	0	0	1	0
0	0	1	0	0	0	1	0	0	0	0	0	0
0	0	1	0	1	0	0	0	1	0	0	1	0
0	0	3	0	0	0	0	0	0	0	0	0	0
